var map = [
    [1, 0, 0, 0, 0, 0, 0, 0, 0, 0, 0, 0, 0, 0, 0, 0, 0, 0, 0, 0, 2],
    [0, 9, 10, 10, 10, 10, 10, 10, 10, 10, 10, 10, 10, 10, 10, 10, 10, 10, 10, 11, 0],
    [0, 10, 1, 0, 0, 0, 0, 0, 6, 10, 5, 10, 8, 0, 0, 0, 0, 0, 2, 10, 0],
    [0, 10, 0, 10, 10, 10, 10, 10, 10, 10, 0, 10, 10, 10, 10, 10, 10, 10, 0, 10, 0],
    [0, 10, 0, 11, 8, 0, 0, 0, 6, 10, 0, 10, 8, 0, 0, 0, 6, 11, 0, 10, 0],
    [0, 10, 0, 10, 10, 10, 10, 10, 10, 10, 10, 10, 10, 10, 10, 10, 10, 10, 0, 10, 0],
    [0, 10, 4, 0, 0, 0, 0, 0, 6, 10, 0, 10, 8, 0, 0, 0, 0, 0, 3, 10, 0],
    [0, 10, 10, 11, 10, 10, 10, 10, 10, 10, 0, 10, 10, 10, 10, 10, 10, 11, 10, 10, 0],
    [0, 10, 1, 0, 0, 0, 0, 0, 6, 10, 0, 10, 8, 0, 0, 0, 0, 0, 2, 10, 0],
    [0, 10, 0, 10, 10, 10, 10, 10, 10, 10, 0, 10, 10, 10, 10, 10, 10, 10, 0, 10, 0],
    [0, 10, 0, 11, 8, 0, 0, 0, 6, 10, 0, 10, 8, 0, 0, 0, 6, 11, 0, 10, 0],
    [0, 10, 0, 10, 10, 10, 10, 10, 10, 10, 10, 10, 10, 10, 10, 10, 10, 10, 0, 10, 0],
    [0, 10, 4, 0, 0, 0, 0, 0, 6, 10, 7, 10, 8, 0, 0, 0, 0, 0, 3, 10, 0],
    [0, 11, 10, 10, 10, 10, 10, 10, 10, 10, 10, 10, 10, 10, 10, 10, 10, 10, 10, 11, 0],
    [4, 0, 0, 0, 0, 0, 0, 0, 0, 0, 10, 0, 0, 0, 0, 0, 0, 0, 0, 0, 3],
    [0, 11, 10, 10, 10, 10, 10, 10, 11, 10, 10, 10, 10, 10, 10, 10, 10, 10, 10, 10, 0],
    [0, 10, 10, 10, 10, 10, 10, 10, 10, 10, 10, 10, 10, 10, 10, 10, 10, 10, 10, 11, 0],
    [0, 0, 0, 0, 0, 0, 0, 0, 0, 0, 0, 0, 0, 0, 0, 0, 0, 0, 0, 0, 3]

]